       424
     10201          2      10404      10405          1
     10202          2      10406      10404          1
     10203          2      10407      10406          1
     10204          2      10408      10407          1
     10205          2      10409      10408          1
     10206          2      10410      10409          1
     10207          2      10411      10410          1
     10208          2      10412      10411          1
     10209          2      10413      10412          1
     10210          2      10414      10413          1
     10211          2      10415      10414          1
     10212          2      10416      10415          1
     10213          2      10417      10416          1
     10214          2      10418      10417          1
     10215          2      10419      10418          1
     10216          2      10420      10419          1
     10217          2      10421      10420          1
     10218          2      10422      10421          1
     10219          2      10423      10422          1
     10220          2      10424      10423          1
     10221          2      10425      10424          1
     10222          2      10426      10425          1
     10223          2      10427      10426          1
     10224          2      10428      10427          1
     10225          2      10429      10428          1
     10226          2      10430      10429          1
     10227          2      10431      10430          1
     10228          2      10432      10431          1
     10229          2      10433      10432          1
     10230          2      10434      10433          1
     10231          2      10435      10434          1
     10232          2      10436      10435          1
     10233          2      10437      10436          1
     10234          2      10438      10437          1
     10235          2      10439      10438          1
     10236          2      10440      10439          1
     10237          2      10441      10440          1
     10238          2      10442      10441          1
     10239          2      10443      10442          1
     10240          2      10444      10443          1
     10241          2      10445      10444          1
     10242          2      10446      10445          1
     10243          2      10447      10446          1
     10244          2      10448      10447          1
     10245          2      10449      10448          1
     10246          2      10450      10449          1
     10247          2      10451      10450          1
     10248          2      10452      10451          1
     10249          2      10453      10452          1
     10250          2      10454      10453          1
     10251          2      10455      10454          1
     10252          2      10456      10455          1
     10253          2      10457      10456          1
     10254          2      10458      10457          1
     10255          2      10459      10458          1
     10256          2      10460      10459          1
     10257          2      10461      10460          1
     10258          2      10462      10461          1
     10259          2      10463      10462          1
     10260          2      10464      10463          1
     10261          2      10465      10464          1
     10262          2      10466      10465          1
     10263          2      10467      10466          1
     10264          2      10468      10467          1
     10265          2      10469      10468          1
     10266          2      10470      10469          1
     10267          2      10471      10470          1
     10268          2      10472      10471          1
     10269          2      10473      10472          1
     10270          2      10474      10473          1
     10271          2      10475      10474          1
     10272          2      10476      10475          1
     10273          2      10477      10476          1
     10274          2      10478      10477          1
     10275          2      10479      10478          1
     10276          2      10480      10479          1
     10277          2      10481      10480          1
     10278          2      10482      10481          1
     10279          2      10483      10482          1
     10280          2      10484      10483          1
     10281          2      10485      10484          1
     10282          2      10486      10485          1
     10283          2      10487      10486          1
     10284          2      10488      10487          1
     10285          2      10489      10488          1
     10286          2      10490      10489          1
     10287          2      10491      10490          1
     10288          2      10492      10491          1
     10289          2      10493      10492          1
     10290          2      10494      10493          1
     10291          2      10495      10494          1
     10292          2      10496      10495          1
     10293          2      10497      10496          1
     10294          2      10498      10497          1
     10295          2      10499      10498          1
     10296          2      10500      10499          1
     10297          2      10501      10500          1
     10298          2      10502      10501          1
     10299          2      10503      10502          1
     10300          2      10504      10503          1
     10501          2      10707      10708          3
     10502          2      10709      10707          3
     10503          2      10710      10709          3
     10504          2      10711      10710          3
     10505          2      10712      10711          3
     10506          2      10713      10712          3
     10507          2      10714      10713          3
     10508          2      10715      10714          3
     10509          2      10716      10715          3
     10510          2      10717      10716          3
     10511          2      10718      10717          3
     10512          2      10719      10718          3
     10513          2      10720      10719          3
     10514          2      10721      10720          3
     10515          2      10722      10721          3
     10516          2      10723      10722          3
     10517          2      10724      10723          3
     10518          2      10725      10724          3
     10519          2      10726      10725          3
     10520          2      10727      10726          3
     10521          2      10728      10727          3
     10522          2      10729      10728          3
     10523          2      10730      10729          3
     10524          2      10731      10730          3
     10525          2      10732      10731          3
     10526          2      10733      10732          3
     10527          2      10734      10733          3
     10528          2      10735      10734          3
     10529          2      10736      10735          3
     10530          2      10737      10736          3
     10531          2      10738      10737          3
     10532          2      10739      10738          3
     10533          2      10740      10739          3
     10534          2      10741      10740          3
     10535          2      10742      10741          3
     10536          2      10743      10742          3
     10537          2      10744      10743          3
     10538          2      10745      10744          3
     10539          2      10746      10745          3
     10540          2      10747      10746          3
     10541          2      10748      10747          3
     10542          2      10749      10748          3
     10543          2      10750      10749          3
     10544          2      10751      10750          3
     10545          2      10752      10751          3
     10546          2      10753      10752          3
     10547          2      10754      10753          3
     10548          2      10755      10754          3
     10549          2      10756      10755          3
     10550          2      10757      10756          3
     10551          2      10758      10757          3
     10552          2      10759      10758          3
     10553          2      10760      10759          3
     10554          2      10761      10760          3
     10555          2      10762      10761          3
     10556          2      10763      10762          3
     10557          2      10764      10763          3
     10558          2      10765      10764          3
     10559          2      10766      10765          3
     10560          2      10767      10766          3
     10561          2      10768      10767          3
     10562          2      10769      10768          3
     10563          2      10770      10769          3
     10564          2      10771      10770          3
     10565          2      10772      10771          3
     10566          2      10773      10772          3
     10567          2      10774      10773          3
     10568          2      10775      10774          3
     10569          2      10776      10775          3
     10570          2      10777      10776          3
     10571          2      10778      10777          3
     10572          2      10779      10778          3
     10573          2      10780      10779          3
     10574          2      10781      10780          3
     10575          2      10782      10781          3
     10576          2      10783      10782          3
     10577          2      10784      10783          3
     10578          2      10785      10784          3
     10579          2      10786      10785          3
     10580          2      10787      10786          3
     10581          2      10788      10787          3
     10582          2      10789      10788          3
     10583          2      10790      10789          3
     10584          2      10791      10790          3
     10585          2      10792      10791          3
     10586          2      10793      10792          3
     10587          2      10794      10793          3
     10588          2      10795      10794          3
     10589          2      10796      10795          3
     10590          2      10797      10796          3
     10591          2      10798      10797          3
     10592          2      10799      10798          3
     10593          2      10800      10799          3
     10594          2      10801      10800          3
     10595          2      10802      10801          3
     10596          2      10803      10802          3
     10597          2      10804      10803          3
     10598          2      10805      10804          3
     10599          2      10806      10805          3
     10600          2      10807      10806          3
     10813          2      11022      11023          2
     10814          2      11024      11022          2
     10815          2      11025      11024          2
     10816          2      11026      11025          2
     10817          2      11027      11026          2
     10818          2      11028      11027          2
     10819          2      11029      11028          2
     10820          2      11030      11029          2
     10821          2      11031      11030          2
     10822          2      11032      11031          2
     10823          2      11033      11032          2
     10824          2      11034      11033          2
     10825          2      11035      11034          2
     10826          2      11036      11035          2
     10827          2      11037      11036          2
     10828          2      11038      11037          2
     10829          2      11039      11038          2
     10830          2      11040      11039          2
     10831          2      11041      11040          2
     10832          2      11042      11041          2
     10833          2      11043      11042          2
     10834          2      11044      11043          2
     10835          2      11045      11044          2
     10836          2      11046      11045          2
     10837          2      11047      11046          2
     10838          2      11048      11047          2
     10839          2      11049      11048          2
     10840          2      11050      11049          2
     10841          2      11051      11050          2
     10842          2      11052      11051          2
     10843          2      11053      11052          2
     10844          2      11054      11053          2
     10845          2      11055      11054          2
     10846          2      11056      11055          2
     10847          2      11057      11056          2
     10848          2      11058      11057          2
     10849          2      11059      11058          2
     10850          2      11060      11059          2
     10851          2      11061      11060          2
     10852          2      11062      11061          2
     10853          2      11063      11062          2
     10854          2      11064      11063          2
     10855          2      11065      11064          2
     10856          2      11066      11065          2
     10857          2      11067      11066          2
     10858          2      11068      11067          2
     10859          2      11069      11068          2
     10860          2      11070      11069          2
     10861          2      11071      11070          2
     10862          2      11072      11071          2
     10863          2      11073      11072          2
     10864          2      11074      11073          2
     10865          2      11075      11074          2
     10866          2      11076      11075          2
     10867          2      11077      11076          2
     10868          2      11078      11077          2
     10869          2      11079      11078          2
     10870          2      11080      11079          2
     10871          2      11081      11080          2
     10872          2      11082      11081          2
     10873          2      11083      11082          2
     10874          2      11084      11083          2
     10875          2      11085      11084          2
     10876          2      11086      11085          2
     10877          2      11087      11086          2
     10878          2      11088      11087          2
     10879          2      11089      11088          2
     10880          2      11090      11089          2
     10881          2      11091      11090          2
     10882          2      11092      11091          2
     10883          2      11093      11092          2
     10884          2      11094      11093          2
     10885          2      11095      11094          2
     10886          2      11096      11095          2
     10887          2      11097      11096          2
     10888          2      11098      11097          2
     10889          2      11099      11098          2
     10890          2      11100      11099          2
     10891          2      11101      11100          2
     10892          2      11102      11101          2
     10893          2      11103      11102          2
     10894          2      11104      11103          2
     10895          2      11105      11104          2
     10896          2      11106      11105          2
     10897          2      11107      11106          2
     10898          2      11108      11107          2
     10899          2      11109      11108          2
     10900          2      11110      11109          2
     10901          2      11111      11110          2
     10902          2      11112      11111          2
     10903          2      11113      11112          2
     10904          2      11114      11113          2
     10905          2      11115      11114          2
     10906          2      11116      11115          2
     10907          2      11117      11116          2
     10908          2      11118      11117          2
     10909          2      11119      11118          2
     10910          2      11120      11119          2
     10911          2      11121      11120          2
     10912          2      11122      11121          2
     11131          2      11343      11344          4
     11132          2      11345      11343          4
     11133          2      11346      11345          4
     11134          2      11347      11346          4
     11135          2      11348      11347          4
     11136          2      11349      11348          4
     11137          2      11350      11349          4
     11138          2      11351      11350          4
     11139          2      11352      11351          4
     11140          2      11353      11352          4
     11141          2      11354      11353          4
     11142          2      11355      11354          4
     11143          2      11356      11355          4
     11144          2      11357      11356          4
     11145          2      11358      11357          4
     11146          2      11359      11358          4
     11147          2      11360      11359          4
     11148          2      11361      11360          4
     11149          2      11362      11361          4
     11150          2      11363      11362          4
     11151          2      11364      11363          4
     11152          2      11365      11364          4
     11153          2      11366      11365          4
     11154          2      11367      11366          4
     11155          2      11368      11367          4
     11156          2      11369      11368          4
     11157          2      11370      11369          4
     11158          2      11371      11370          4
     11159          2      11372      11371          4
     11160          2      11373      11372          4
     11161          2      11374      11373          4
     11162          2      11375      11374          4
     11163          2      11376      11375          4
     11164          2      11377      11376          4
     11165          2      11378      11377          4
     11166          2      11379      11378          4
     11167          2      11380      11379          4
     11168          2      11381      11380          4
     11169          2      11382      11381          4
     11170          2      11383      11382          4
     11171          2      11384      11383          4
     11172          2      11385      11384          4
     11173          2      11386      11385          4
     11174          2      11387      11386          4
     11175          2      11388      11387          4
     11176          2      11389      11388          4
     11177          2      11390      11389          4
     11178          2      11391      11390          4
     11179          2      11392      11391          4
     11180          2      11393      11392          4
     11181          2      11394      11393          4
     11182          2      11395      11394          4
     11183          2      11396      11395          4
     11184          2      11397      11396          4
     11185          2      11398      11397          4
     11186          2      11399      11398          4
     11187          2      11400      11399          4
     11188          2      11401      11400          4
     11189          2      11402      11401          4
     11190          2      11403      11402          4
     11191          2      11404      11403          4
     11192          2      11405      11404          4
     11193          2      11406      11405          4
     11194          2      11407      11406          4
     11195          2      11408      11407          4
     11196          2      11409      11408          4
     11197          2      11410      11409          4
     11198          2      11411      11410          4
     11199          2      11412      11411          4
     11200          2      11413      11412          4
     11201          2      11414      11413          4
     11202          2      11415      11414          4
     11203          2      11416      11415          4
     11204          2      11417      11416          4
     11205          2      11418      11417          4
     11206          2      11419      11418          4
     11207          2      11420      11419          4
     11208          2      11421      11420          4
     11209          2      11422      11421          4
     11210          2      11423      11422          4
     11211          2      11424      11423          4
     11212          2      11425      11424          4
     11213          2      11426      11425          4
     11214          2      11427      11426          4
     11215          2      11428      11427          4
     11216          2      11429      11428          4
     11217          2      11430      11429          4
     11218          2      11431      11430          4
     11219          2      11432      11431          4
     11220          2      11433      11432          4
     11221          2      11434      11433          4
     11222          2      11435      11434          4
     11223          2      11436      11435          4
     11224          2      11437      11436          4
     11225          2      11438      11437          4
     11226          2      11439      11438          4
     11227          2      11440      11439          4
     11228          2      11441      11440          4
     11229          2      11442      11441          4
     11230          2      11443      11442          4
     10703          2      10405      10911          1
     10809          2      10911      11018          1
     10913          2      11123      11122          2
     10914          2      11124      11123          2
     10915          2      11018      11125          1
     10915          2      11125      11124          2
     10706          2      10914      10807          3
     10812          2      11021      10914          3
     10916          2      11023      11126          2
     10917          2      11126      11127          2
     10918          2      11127      11128          2
     10918          2      11128      11021          3
     11021          2      11232      10504          1
     11127          2      11339      11232          1
     11231          2      11344      11444          4
     11232          2      11444      11445          4
     11233          2      11446      11339          1
     11233          2      11445      11446          4
     11024          2      10708      11235          3
     11130          2      11235      11342          3
     11234          2      11447      11443          4
     11235          2      11448      11447          4
     11236          2      11342      11449          3
     11236          2      11449      11448          4
