676
         1         80         81          3
         3         81         82          4
         4         82         83          5
         5         83         84          6
         6         84         85          7
         7         85         86          8
         8         86         87          9
         9         87         88         10
        10         88         89         11
        11         89         90         12
        12         90         91         13
        13         91         92         14
        14         92         93         15
        15         93         94         16
        16         94         95         17
        17         95         96         18
        18         96         97         19
        19         97         98         20
        20         98         99         21
        21         99         23          2
        80         79        100         81
        81        100        101         82
        82        101        102         83
        83        102        103         84
        84        103        104         85
        85        104        105         86
        86        105        106         87
        87        106        107         88
        88        107        108         89
        89        108        109         90
        90        109        110         91
        91        110        111         92
        92        111        112         93
        93        112        113         94
        94        113        114         95
        95        114        115         96
        96        115        116         97
        97        116        117         98
        98        117        118         99
        99        118         24         23
        79         78        119        100
       100        119        120        101
       101        120        121        102
       102        121        122        103
       103        122        123        104
       104        123        124        105
       105        124        125        106
       106        125        126        107
       107        126        127        108
       108        127        128        109
       109        128        129        110
       110        129        130        111
       111        130        131        112
       112        131        132        113
       113        132        133        114
       114        133        134        115
       115        134        135        116
       116        135        136        117
       117        136        137        118
       118        137         25         24
        78         77        138        119
       119        138        139        120
       120        139        140        121
       121        140        141        122
       122        141        142        123
       123        142        143        124
       124        143        144        125
       125        144        145        126
       126        145        146        127
       127        146        147        128
       128        147        148        129
       129        148        149        130
       130        149        150        131
       131        150        151        132
       132        151        152        133
       133        152        153        134
       134        153        154        135
       135        154        155        136
       136        155        156        137
       137        156         26         25
        77         76        157        138
       138        157        158        139
       139        158        159        140
       140        159        160        141
       141        160        161        142
       142        161        162        143
       143        162        163        144
       144        163        164        145
       145        164        165        146
       146        165        166        147
       147        166        167        148
       148        167        168        149
       149        168        169        150
       150        169        170        151
       151        170        171        152
       152        171        172        153
       153        172        173        154
       154        173        174        155
       155        174        175        156
       156        175         27         26
        76         75        176        157
       157        176        177        158
       158        177        178        159
       159        178        179        160
       160        179        180        161
       161        180        181        162
       162        181        182        163
       163        182        183        164
       164        183        184        165
       165        184        185        166
       166        185        186        167
       167        186        187        168
       168        187        188        169
       169        188        189        170
       170        189        190        171
       171        190        191        172
       172        191        192        173
       173        192        193        174
       174        193        194        175
       175        194         28         27
        75         74        195        176
       176        195        196        177
       177        196        197        178
       178        197        198        179
       179        198        199        180
       180        199        200        181
       181        200        201        182
       182        201        202        183
       183        202        203        184
       184        203        204        185
       185        204        205        186
       186        205        206        187
       187        206        207        188
       188        207        208        189
       189        208        209        190
       190        209        210        191
       191        210        211        192
       192        211        212        193
       193        212        213        194
       194        213         29         28
        74         73        214        195
       195        214        215        196
       196        215        216        197
       197        216        217        198
       198        217        218        199
       199        218        219        200
       200        219        220        201
       201        220        221        202
       202        221        222        203
       203        222        223        204
       204        223        224        205
       205        224        225        206
       206        225        226        207
       207        226        227        208
       208        227        228        209
       209        228        229        210
       210        229        230        211
       211        230        231        212
       212        231        232        213
       213        232         30         29
        73         72        233        214
       214        233        234        215
       215        234        235        216
       216        235        236        217
       217        236        237        218
       218        237        238        219
       219        238        239        220
       220        239        240        221
       221        240        241        222
       222        241        242        223
       223        242        243        224
       224        243        244        225
       225        244        245        226
       226        245        246        227
       227        246        247        228
       228        247        248        229
       229        248        249        230
       230        249        250        231
       231        250        251        232
       232        251         31         30
        72         71        252        233
       233        252        253        234
       234        253        254        235
       235        254        255        236
       236        255        256        237
       237        256        257        238
       238        257        258        239
       239        258        259        240
       240        259        260        241
       241        260        261        242
       242        261        262        243
       243        262        263        244
       244        263        264        245
       245        264        265        246
       246        265        266        247
       247        266        267        248
       248        267        268        249
       249        268        269        250
       250        269        270        251
       251        270         32         31
        71         70        271        252
       252        271        272        253
       253        272        273        254
       254        273        274        255
       255        274        275        256
       256        275        276        257
       257        276        277        258
       258        277        278        259
       259        278        279        260
       260        279        280        261
       261        280        281        262
       262        281        282        263
       263        282        283        264
       264        283        284        265
       265        284        285        266
       266        285        286        267
       267        286        287        268
       268        287        288        269
       269        288        289        270
       270        289         33         32
        70         69        290        271
       271        290        291        272
       272        291        292        273
       273        292        293        274
       274        293        294        275
       275        294        295        276
       276        295        296        277
       277        296        297        278
       278        297        298        279
       279        298        299        280
       280        299        300        281
       281        300        301        282
       282        301        302        283
       283        302        303        284
       284        303        304        285
       285        304        305        286
       286        305        306        287
       287        306        307        288
       288        307        308        289
       289        308         34         33
        69         68        309        290
       290        309        310        291
       291        310        311        292
       292        311        312        293
       293        312        313        294
       294        313        314        295
       295        314        315        296
       296        315        316        297
       297        316        317        298
       298        317        318        299
       299        318        319        300
       300        319        320        301
       301        320        321        302
       302        321        322        303
       303        322        323        304
       304        323        324        305
       305        324        325        306
       306        325        326        307
       307        326        327        308
       308        327         35         34
        68         67        328        309
       309        328        329        310
       310        329        330        311
       311        330        331        312
       312        331        332        313
       313        332        333        314
       314        333        334        315
       315        334        335        316
       316        335        336        317
       317        336        337        318
       318        337        338        319
       319        338        339        320
       320        339        340        321
       321        340        341        322
       322        341        342        323
       323        342        343        324
       324        343        344        325
       325        344        345        326
       326        345        346        327
       327        346         36         35
        67         66        347        328
       328        347        348        329
       329        348        349        330
       330        349        350        331
       331        350        351        332
       332        351        352        333
       333        352        353        334
       334        353        354        335
       335        354        355        336
       336        355        356        337
       337        356        357        338
       338        357        358        339
       339        358        359        340
       340        359        360        341
       341        360        361        342
       342        361        362        343
       343        362        363        344
       344        363        364        345
       345        364        365        346
       346        365         37         36
        66         65        366        347
       347        366        367        348
       348        367        368        349
       349        368        369        350
       350        369        370        351
       351        370        371        352
       352        371        372        353
       353        372        373        354
       354        373        374        355
       355        374        375        356
       356        375        376        357
       357        376        377        358
       358        377        378        359
       359        378        379        360
       360        379        380        361
       361        380        381        362
       362        381        382        363
       363        382        383        364
       364        383        384        365
       365        384         38         37
        65         64        385        366
       366        385        386        367
       367        386        387        368
       368        387        388        369
       369        388        389        370
       370        389        390        371
       371        390        391        372
       372        391        392        373
       373        392        393        374
       374        393        394        375
       375        394        395        376
       376        395        396        377
       377        396        397        378
       378        397        398        379
       379        398        399        380
       380        399        400        381
       381        400        401        382
       382        401        402        383
       383        402        403        384
       384        403         39         38
        64         63        404        385
       385        404        405        386
       386        405        406        387
       387        406        407        388
       388        407        408        389
       389        408        409        390
       390        409        410        391
       391        410        411        392
       392        411        412        393
       393        412        413        394
       394        413        414        395
       395        414        415        396
       396        415        416        397
       397        416        417        398
       398        417        418        399
       399        418        419        400
       400        419        420        401
       401        420        421        402
       402        421        422        403
       403        422         40         39
        63         62        423        404
       404        423        424        405
       405        424        425        406
       406        425        426        407
       407        426        427        408
       408        427        428        409
       409        428        429        410
       410        429        430        411
       411        430        431        412
       412        431        432        413
       413        432        433        414
       414        433        434        415
       415        434        435        416
       416        435        436        417
       417        436        437        418
       418        437        438        419
       419        438        439        420
       420        439        440        421
       421        440        441        422
       422        441         41         40
        62         42         61        423
       423         61         60        424
       424         60         59        425
       425         59         58        426
       426         58         57        427
       427         57         56        428
       428         56         55        429
       429         55         54        430
       430         54         53        431
       431         53         52        432
       432         52         51        433
       433         51         50        434
       434         50         49        435
       435         49         48        436
       436         48         47        437
       437         47         46        438
       438         46         45        439
       439         45         44        440
       440         44         43        441
       441         43         22         41
         1          3        442        443
         3          4        444        442
         4          5        445        444
         5          6        446        445
         6          7        447        446
         7          8        448        447
         8          9        449        448
         9         10        450        449
        10         11        451        450
        11         12        452        451
        12         13        453        452
        13         14        454        453
        14         15        455        454
        15         16        456        455
        16         17        457        456
        17         18        458        457
        18         19        459        458
        19         20        460        459
        20         21        461        460
        21          2        462        461
       443        442        463        464
       442        444        465        463
       444        445        466        465
       445        446        467        466
       446        447        468        467
       447        448        469        468
       448        449        470        469
       449        450        471        470
       450        451        472        471
       451        452        473        472
       452        453        474        473
       453        454        475        474
       454        455        476        475
       455        456        477        476
       456        457        478        477
       457        458        479        478
       458        459        480        479
       459        460        481        480
       460        461        482        481
       461        462        483        482
       464        463        484        485
       463        465        486        484
       465        466        487        486
       466        467        488        487
       467        468        489        488
       468        469        490        489
       469        470        491        490
       470        471        492        491
       471        472        493        492
       472        473        494        493
       473        474        495        494
       474        475        496        495
       475        476        497        496
       476        477        498        497
       477        478        499        498
       478        479        500        499
       479        480        501        500
       480        481        502        501
       481        482        503        502
       482        483        504        503
        22         43        505        506
        43         44        507        505
        44         45        508        507
        45         46        509        508
        46         47        510        509
        47         48        511        510
        48         49        512        511
        49         50        513        512
        50         51        514        513
        51         52        515        514
        52         53        516        515
        53         54        517        516
        54         55        518        517
        55         56        519        518
        56         57        520        519
        57         58        521        520
        58         59        522        521
        59         60        523        522
        60         61        524        523
        61         42        525        524
       506        505        526        527
       505        507        528        526
       507        508        529        528
       508        509        530        529
       509        510        531        530
       510        511        532        531
       511        512        533        532
       512        513        534        533
       513        514        535        534
       514        515        536        535
       515        516        537        536
       516        517        538        537
       517        518        539        538
       518        519        540        539
       519        520        541        540
       520        521        542        541
       521        522        543        542
       522        523        544        543
       523        524        545        544
       524        525        546        545
       527        526        547        548
       526        528        549        547
       528        529        550        549
       529        530        551        550
       530        531        552        551
       531        532        553        552
       532        533        554        553
       533        534        555        554
       534        535        556        555
       535        536        557        556
       536        537        558        557
       537        538        559        558
       538        539        560        559
       539        540        561        560
       540        541        562        561
       541        542        563        562
       542        543        564        563
       543        544        565        564
       544        545        566        565
       545        546        567        566
        42         62        568        569
        62         63        570        568
        63         64        571        570
        64         65        572        571
        65         66        573        572
        66         67        574        573
        67         68        575        574
        68         69        576        575
        69         70        577        576
        70         71        578        577
        71         72        579        578
        72         73        580        579
        73         74        581        580
        74         75        582        581
        75         76        583        582
        76         77        584        583
        77         78        585        584
        78         79        586        585
        79         80        587        586
        80          1        588        587
       443        589        588          1        733        732        731        730        734
       464        590        589        443        737        736        733        735        738
       485        591        590        464        741        740        737        739        742
        42        569        592        525        766        765        764        763        767
       525        592        593        546        764        770        769        768        771
       546        593        594        567        769        774        773        772        775
       569        568        595        596
       568        570        597        595
       570        571        598        597
       571        572        599        598
       572        573        600        599
       573        574        601        600
       574        575        602        601
       575        576        603        602
       576        577        604        603
       577        578        605        604
       578        579        606        605
       579        580        607        606
       580        581        608        607
       581        582        609        608
       582        583        610        609
       583        584        611        610
       584        585        612        611
       585        586        613        612
       586        587        614        613
       587        588        615        614
       589        616        615        588        745        744        743        732        746
       590        617        616        589        748        747        745        736        749
       591        618        617        590        751        750        748        740        752
       569        596        619        592        778        777        776        765        779
       592        619        620        593        776        781        780        770        782
       593        620        621        594        780        784        783        774        785
       596        595        622        623
       595        597        624        622
       597        598        625        624
       598        599        626        625
       599        600        627        626
       600        601        628        627
       601        602        629        628
       602        603        630        629
       603        604        631        630
       604        605        632        631
       605        606        633        632
       606        607        634        633
       607        608        635        634
       608        609        636        635
       609        610        637        636
       610        611        638        637
       611        612        639        638
       612        613        640        639
       613        614        641        640
       614        615        642        641
       616        643        642        615        755        754        753        744        756
       617        644        643        616        758        757        755        747        759
       618        645        644        617        761        760        758        750        762
       596        623        646        619        788        787        786        777        789
       619        646        647        620        786        791        790        781        792
       620        647        648        621        790        794        793        784        795
         2         23        649        650
        23         24        651        649
        24         25        652        651
        25         26        653        652
        26         27        654        653
        27         28        655        654
        28         29        656        655
        29         30        657        656
        30         31        658        657
        31         32        659        658
        32         33        660        659
        33         34        661        660
        34         35        662        661
        35         36        663        662
        36         37        664        663
        37         38        665        664
        38         39        666        665
        39         40        667        666
        40         41        668        667
        41         22        669        668
         2        650        670        462        799        798        797        796        800
       462        670        671        483        797        803        802        801        804
       483        671        672        504        802        807        806        805        808
       506        673        669         22        832        831        830        829        833
       527        674        673        506        836        835        832        834        837
       548        675        674        527        840        839        836        838        841
       650        649        676        677
       649        651        678        676
       651        652        679        678
       652        653        680        679
       653        654        681        680
       654        655        682        681
       655        656        683        682
       656        657        684        683
       657        658        685        684
       658        659        686        685
       659        660        687        686
       660        661        688        687
       661        662        689        688
       662        663        690        689
       663        664        691        690
       664        665        692        691
       665        666        693        692
       666        667        694        693
       667        668        695        694
       668        669        696        695
       650        677        697        670        811        810        809        798        812
       670        697        698        671        809        814        813        803        815
       671        698        699        672        813        817        816        807        818
       673        700        696        669        844        843        842        831        845
       674        701        700        673        847        846        844        835        848
       675        702        701        674        850        849        847        839        851
       677        676        703        704
       676        678        705        703
       678        679        706        705
       679        680        707        706
       680        681        708        707
       681        682        709        708
       682        683        710        709
       683        684        711        710
       684        685        712        711
       685        686        713        712
       686        687        714        713
       687        688        715        714
       688        689        716        715
       689        690        717        716
       690        691        718        717
       691        692        719        718
       692        693        720        719
       693        694        721        720
       694        695        722        721
       695        696        723        722
       677        704        724        697        821        820        819        810        822
       697        724        725        698        819        824        823        814        825
       698        725        726        699        823        827        826        817        828
       700        727        723        696        854        853        852        843        855
       701        728        727        700        857        856        854        846        858
       702        729        728        701        860        859        857        849        861
