       560
       195          2        195        197          1
       195          2        195        754          2
       196          2        197        198          1
       197          2        198        199          1
       198          2        199        200          1
       199          2        200        201          1
       200          2        201        202          1
       201          2        202        203          1
       202          2        203        204          1
       203          2        204        205          1
       204          2        205        206          1
       205          2        206        207          1
       206          2        207        208          1
       207          2        208        209          1
       208          2        209        210          1
       209          2        210        211          1
       210          2        211        212          1
       211          2        212        213          1
       212          2        213        214          1
       213          2        214        215          1
       214          2        215        216          1
       215          2        216        217          1
       216          2        217        218          1
       217          2        218        219          1
       218          2        219        220          1
       219          2        220        221          1
       220          2        221        222          1
       221          2        222        223          1
       222          2        223        224          1
       223          2        224        225          1
       224          2        225        226          1
       225          2        226        227          1
       226          2        227        228          1
       227          2        228        229          1
       228          2        229        230          1
       229          2        230        231          1
       230          2        231        232          1
       231          2        232        233          1
       232          2        233        234          1
       233          2        234        235          1
       234          2        235        236          1
       235          2        236        237          1
       236          2        237        238          1
       237          2        238        239          1
       238          2        239        240          1
       239          2        240        241          1
       240          2        241        242          1
       241          2        242        243          1
       242          2        243        244          1
       243          2        244        245          1
       244          2        245        246          1
       245          2        246        247          1
       246          2        247        248          1
       247          2        248        249          1
       248          2        249        250          1
       249          2        250        251          1
       250          2        251        252          1
       251          2        252        253          1
       252          2        253        254          1
       253          2        254        255          1
       254          2        255        256          1
       255          2        256        257          1
       256          2        257        258          1
       257          2        258        259          1
       258          2        259        260          1
       259          2        260        261          1
       260          2        261        262          1
       261          2        262        263          1
       262          2        263        264          1
       263          2        264        265          1
       264          2        265        266          1
       265          2        266        267          1
       266          2        267        268          1
       267          2        268        269          1
       268          2        269        270          1
       269          2        270        271          1
       270          2        271        272          1
       271          2        272        273          1
       272          2        273        274          1
       273          2        274        275          1
       274          2        275        276          1
       275          2        276        277          1
       276          2        277        278          1
       277          2        278        279          1
       278          2        279        280          1
       279          2        280        281          1
       280          2        281        282          1
       281          2        282        283          1
       282          2        283        284          1
       283          2        284        285          1
       284          2        285        286          1
       285          2        286        287          1
       286          2        287        288          1
       287          2        288        289          1
       288          2        289        290          1
       289          2        290        291          1
       290          2        291        292          1
       291          2        292        293          1
       292          2        293        294          1
       293          2        294        295          1
       294          2        295        296          1
       295          2        296        297          1
       296          2        297        298          1
       297          2        298        299          1
       298          2        299        300          1
       299          2        300        301          1
       300          2        301        302          1
       301          2        302        303          1
       302          2        303        304          1
       303          2        304        305          1
       304          2        305        306          1
       305          2        306        307          1
       306          2        307        308          1
       307          2        308        309          1
       308          2        309        310          1
       309          2        310        311          1
       310          2        311        312          1
       311          2        312        313          1
       312          2        313        314          1
       313          2        314        315          1
       314          2        315        316          1
       315          2        316        317          1
       316          2        317        318          1
       317          2        318        319          1
       318          2        319        320          1
       319          2        320        321          1
       320          2        321        322          1
       321          2        322        323          1
       322          2        323        324          1
       323          2        324        325          1
       324          2        325        326          1
       325          2        326        327          1
       326          2        327        328          1
       327          2        328        329          1
       328          2        329        330          1
       329          2        330        331          1
       330          2        331        332          1
       331          2        332        333          1
       332          2        333        334          1
       333          2        334        335          1
       334          2        335        336          1
       335          2        336        337          1
       336          2        337        338          1
       337          2        338        339          1
       338          2        339        340          1
       339          2        340        341          1
       340          2        341        342          1
       341          2        342        343          1
       342          2        343        344          1
       343          2        344        345          1
       344          2        345        346          1
       345          2        346        347          1
       346          2        347        348          1
       347          2        348        349          1
       348          2        349        350          1
       349          2        350        351          1
       350          2        351        352          1
       351          2        352        353          1
       352          2        353        354          1
       353          2        354        355          1
       354          2        355        356          1
       355          2        356        357          1
       356          2        357        358          1
       357          2        358        359          1
       358          2        359        360          1
       359          2        360        361          1
       360          2        361        362          1
       361          2        362        363          1
       362          2        363        364          1
       363          2        364        365          1
       364          2        365        366          1
       365          2        366        367          1
       366          2        367        368          1
       367          2        368        369          1
       368          2        369        370          1
       369          2        370        371          1
       370          2        371        372          1
       371          2        372        373          1
       372          2        373        374          1
       373          2        374        375          1
       374          2        375        376          1
       375          2        376        377          1
       376          2        377        378          1
       377          2        378        379          1
       378          2        379        380          1
       379          2        380        381          1
       380          2        381        382          1
       381          2        382        383          1
       382          2        383        384          1
       383          2        384        385          1
       384          2        385        386          1
       385          2        386        387          1
       386          2        387        388          1
       387          2        388        389          1
       388          2        389        390          1
       389          2        390        391          1
       390          2        391        392          1
       391          2        392        393          1
       392          2        393        394          1
       393          2        394        395          1
       394          2        395        196          1
       394          2        397        196          4
       395          2        396        477          3
       395          2        396        475          4
       396          2        477        478          3
       397          2        478        479          3
       398          2        479        480          3
       399          2        480        481          3
       400          2        481        482          3
       401          2        482        483          3
       402          2        483        484          3
       403          2        484        485          3
       404          2        485        486          3
       405          2        486        487          3
       406          2        487        488          3
       407          2        488        489          3
       408          2        489        490          3
       409          2        490        491          3
       410          2        491        492          3
       411          2        492        493          3
       412          2        493        494          3
       413          2        494        495          3
       414          2        495        496          3
       415          2        496        497          3
       416          2        497        498          3
       417          2        498        499          3
       418          2        499        500          3
       419          2        500        501          3
       420          2        501        502          3
       421          2        502        503          3
       422          2        503        504          3
       423          2        504        505          3
       424          2        505        506          3
       425          2        506        507          3
       426          2        507        508          3
       427          2        508        509          3
       428          2        509        510          3
       429          2        510        511          3
       430          2        511        512          3
       431          2        512        513          3
       432          2        513        514          3
       433          2        514        515          3
       434          2        515        516          3
       435          2        516        517          3
       436          2        517        518          3
       437          2        518        519          3
       438          2        519        520          3
       439          2        520        521          3
       440          2        521        522          3
       441          2        522        523          3
       442          2        523        524          3
       443          2        524        525          3
       444          2        525        526          3
       445          2        526        527          3
       446          2        527        528          3
       447          2        528        529          3
       448          2        529        530          3
       449          2        530        531          3
       450          2        531        532          3
       451          2        532        533          3
       452          2        533        534          3
       453          2        534        535          3
       454          2        535        536          3
       455          2        536        537          3
       456          2        537        538          3
       457          2        538        539          3
       458          2        539        540          3
       459          2        540        541          3
       460          2        541        542          3
       461          2        542        543          3
       462          2        543        544          3
       463          2        544        545          3
       464          2        545        546          3
       465          2        546        547          3
       466          2        547        548          3
       467          2        548        549          3
       468          2        549        550          3
       469          2        550        551          3
       470          2        551        552          3
       471          2        552        553          3
       472          2        553        554          3
       473          2        554        555          3
       474          2        555        556          3
       475          2        556        557          3
       476          2        557        558          3
       477          2        558        559          3
       478          2        559        560          3
       479          2        560        561          3
       480          2        561        562          3
       481          2        562        563          3
       482          2        563        564          3
       483          2        564        565          3
       484          2        565        566          3
       485          2        566        567          3
       486          2        567        568          3
       487          2        568        569          3
       488          2        569        570          3
       489          2        570        571          3
       490          2        571        572          3
       491          2        572        573          3
       492          2        573        574          3
       493          2        574        575          3
       494          2        575        576          3
       495          2        576        577          3
       496          2        577        578          3
       497          2        578        579          3
       498          2        579        580          3
       499          2        580        581          3
       500          2        581        582          3
       501          2        582        583          3
       502          2        583        584          3
       503          2        584        585          3
       504          2        585        586          3
       505          2        586        587          3
       506          2        587        588          3
       507          2        588        589          3
       508          2        589        590          3
       509          2        590        591          3
       510          2        591        592          3
       511          2        592        593          3
       512          2        593        594          3
       513          2        594        595          3
       514          2        595        596          3
       515          2        596        597          3
       516          2        597        598          3
       517          2        598        599          3
       518          2        599        600          3
       519          2        600        601          3
       520          2        601        602          3
       521          2        602        603          3
       522          2        603        604          3
       523          2        604        605          3
       524          2        605        606          3
       525          2        606        607          3
       526          2        607        608          3
       527          2        608        609          3
       528          2        609        610          3
       529          2        610        611          3
       530          2        611        612          3
       531          2        612        613          3
       532          2        613        614          3
       533          2        614        615          3
       534          2        615        616          3
       535          2        616        617          3
       536          2        617        618          3
       537          2        618        619          3
       538          2        619        620          3
       539          2        620        621          3
       540          2        621        622          3
       541          2        622        623          3
       542          2        623        624          3
       543          2        624        625          3
       544          2        625        626          3
       545          2        626        627          3
       546          2        627        628          3
       547          2        628        629          3
       548          2        629        630          3
       549          2        630        631          3
       550          2        631        632          3
       551          2        632        633          3
       552          2        633        634          3
       553          2        634        635          3
       554          2        635        636          3
       555          2        636        637          3
       556          2        637        638          3
       557          2        638        639          3
       558          2        639        640          3
       559          2        640        641          3
       560          2        641        642          3
       561          2        642        643          3
       562          2        643        644          3
       563          2        644        645          3
       564          2        645        646          3
       565          2        646        647          3
       566          2        647        648          3
       567          2        648        649          3
       568          2        649        650          3
       569          2        650        651          3
       570          2        651        652          3
       571          2        652        653          3
       572          2        653        654          3
       573          2        654        655          3
       574          2        655        656          3
       575          2        656        657          3
       576          2        657        658          3
       577          2        658        659          3
       578          2        659        660          3
       579          2        660        661          3
       580          2        661        662          3
       581          2        662        663          3
       582          2        663        664          3
       583          2        664        665          3
       584          2        665        666          3
       585          2        666        667          3
       586          2        667        668          3
       587          2        668        669          3
       588          2        669        670          3
       589          2        670        671          3
       590          2        671        672          3
       591          2        672        673          3
       592          2        673        674          3
       593          2        674        675          3
       594          2        676        476          2
       594          2        675        476          3
       595          2        397        398          4
       596          2        398        399          4
       597          2        399        400          4
       598          2        400        401          4
       599          2        401        402          4
       600          2        402        403          4
       601          2        403        404          4
       602          2        404        405          4
       603          2        405        406          4
       604          2        406        407          4
       605          2        407        408          4
       606          2        408        409          4
       607          2        409        410          4
       608          2        410        411          4
       609          2        411        412          4
       610          2        412        413          4
       611          2        413        414          4
       612          2        414        415          4
       613          2        415        416          4
       614          2        416        417          4
       615          2        417        418          4
       616          2        418        419          4
       617          2        419        420          4
       618          2        420        421          4
       619          2        421        422          4
       620          2        422        423          4
       621          2        423        424          4
       622          2        424        425          4
       623          2        425        426          4
       624          2        426        427          4
       625          2        427        428          4
       626          2        428        429          4
       627          2        429        430          4
       628          2        430        431          4
       629          2        431        432          4
       630          2        432        433          4
       631          2        433        434          4
       632          2        434        435          4
       633          2        435        436          4
       634          2        436        437          4
       635          2        437        438          4
       636          2        438        439          4
       637          2        439        440          4
       638          2        440        441          4
       639          2        441        442          4
       640          2        442        443          4
       641          2        443        444          4
       642          2        444        445          4
       643          2        445        446          4
       644          2        446        447          4
       645          2        447        448          4
       646          2        448        449          4
       647          2        449        450          4
       648          2        450        451          4
       649          2        451        452          4
       650          2        452        453          4
       651          2        453        454          4
       652          2        454        455          4
       653          2        455        456          4
       654          2        456        457          4
       655          2        457        458          4
       656          2        458        459          4
       657          2        459        460          4
       658          2        460        461          4
       659          2        461        462          4
       660          2        462        463          4
       661          2        463        464          4
       662          2        464        465          4
       663          2        465        466          4
       664          2        466        467          4
       665          2        467        468          4
       666          2        468        469          4
       667          2        469        470          4
       668          2        470        471          4
       669          2        471        472          4
       670          2        472        473          4
       671          2        473        474          4
       672          2        474        475          4
       673          2        676        677          2
       674          2        677        678          2
       675          2        678        679          2
       676          2        679        680          2
       677          2        680        681          2
       678          2        681        682          2
       679          2        682        683          2
       680          2        683        684          2
       681          2        684        685          2
       682          2        685        686          2
       683          2        686        687          2
       684          2        687        688          2
       685          2        688        689          2
       686          2        689        690          2
       687          2        690        691          2
       688          2        691        692          2
       689          2        692        693          2
       690          2        693        694          2
       691          2        694        695          2
       692          2        695        696          2
       693          2        696        697          2
       694          2        697        698          2
       695          2        698        699          2
       696          2        699        700          2
       697          2        700        701          2
       698          2        701        702          2
       699          2        702        703          2
       700          2        703        704          2
       701          2        704        705          2
       702          2        705        706          2
       703          2        706        707          2
       704          2        707        708          2
       705          2        708        709          2
       706          2        709        710          2
       707          2        710        711          2
       708          2        711        712          2
       709          2        712        713          2
       710          2        713        714          2
       711          2        714        715          2
       712          2        715        716          2
       713          2        716        717          2
       714          2        717        718          2
       715          2        718        719          2
       716          2        719        720          2
       717          2        720        721          2
       718          2        721        722          2
       719          2        722        723          2
       720          2        723        724          2
       721          2        724        725          2
       722          2        725        726          2
       723          2        726        727          2
       724          2        727        728          2
       725          2        728        729          2
       726          2        729        730          2
       727          2        730        731          2
       728          2        731        732          2
       729          2        732        733          2
       730          2        733        734          2
       731          2        734        735          2
       732          2        735        736          2
       733          2        736        737          2
       734          2        737        738          2
       735          2        738        739          2
       736          2        739        740          2
       737          2        740        741          2
       738          2        741        742          2
       739          2        742        743          2
       740          2        743        744          2
       741          2        744        745          2
       742          2        745        746          2
       743          2        746        747          2
       744          2        747        748          2
       745          2        748        749          2
       746          2        749        750          2
       747          2        750        751          2
       748          2        751        752          2
       749          2        752        753          2
       750          2        753        754          2
